00000101000111111111110100100011110010101001111100111000100001100110100101001000010011010010010010101010000100100110111110100101011100101010100010110111100111100100110110001011101010010101101000110011
11101110100000110111100000101100011000010110111010000011000010100000101111100110101001111011000100111101111010000010101100100111001110000000111101010111010101001111010011101100110100001000011111111101
10000110110100100001111000111110101000001010101101000110101001011011101011101100000110011011000101001010010111000001111101100011101110010001001111111111101000000100100100001110000110100001011010111101
00000001100010100110011010110111000101111101011000101010001101110110101111111000100010100101010100100101101000000100111101111000010001001011101111110010101001100100101100001110000011001011111000111010
10101110111111110011110010010111110011110000101111110100011010110111011010100101010100101000101111011110010001001011101100111111101101010101001000011100101101111111010001001100111010001100111110000010
00100100111111000001011100101001011111101111010101100011001010001010100011010011010110011000000101101011111001000101010000110100010011010101001010110011000011101010110000101010110000101000101000101011
01001000111010000000100101010001000000111100110111110101101101011000001101000011111101011110101100111001000111111010111101101100100001110010010100110011111001000001010000100111001100110010110100010010
01110101000110110110001011001110000111111110110111110001110011111110111111000100101001000101010100000001111011111110010000110110100110001101100010000000111001001000011110000010111000100011010011110010
11000000111110001111000101011000010000011110010010100000101110100101111001100000100111001110101101100000111000110000101110101101011011111000101100011000011001001110011100100110101011100000101010110100
00101110011010100010110010101011000100000101000010101100010111110100100111111011111000010001101000100100101100100111001101001101111001100110110001011101111101011000011101111110001110011110100011010011
10010010110100001111011011010111101000011110100110011101110101001110001010010110000010011001111110010101101001110011110110111001110001010101110011111011011101101000001000001001100011011010011000100100
11000111111111011000110101001111010010011100011001010000010100111000101010001101010000111110010100001001101001010111100110010100001101101010001101111101100101100111111011000111100110000110111111110100
11010111110100011101001111001011000101010010100000000101010100000101000111010101000001100001111000100110110110110011101001010000010111010000011111011000100100110110010000011100011011110000110111011111
11001111100101011000101101000110110110000011100111101110100100110011111011111001011001011011000100010011001110001001011111111000101000000011110001110000010001000111111111111100110011000100011011001011
11110110101111101101100000110111011101010101010110010100111101111001110111000101101100011000000001110011001010110011000000100111110100011011010100111010000110011111111011111000110001101010010110101110
10001111111011000100011110000101001000011011110010011000110010011011001011110111111010111111001000100110000000100011100001101001101110001101010111001101001101110100010011111001010100000101101011011101
10011111010010011110000011001100110101110010111101100011101111000001110011010110010100101101011010000000110110101111001110010111111100011010011100111010011010011011001000000011111101001101000010011111
00111010010100101010010010011110010011000110011101111100100011000000101011001101000000010010110010010101110110010100011101001011000011101010011001000111011111001110100001110110001101011110010100100001
00001011111011011101100101011101000100011011010101110101101111000100000001000110010001111101000100110000101111100000110001110101111111001110111100000100000010111110101011111001011000011001111100111111
01101000101100100001010101000101100000110110111001010101001110101111100011101000110110011000110111011100000100100100111100111101101000100001001110100001001110011100000110110101110011110101011000001011
10100101101001011010001101000011010101100111010001011000011001010110001011100101001000101010111110110010011101101000100010000011110111001010001000000011101100000010011110100111000000100100101001100011
01000010110111000011000111010111100000000111010010100111101110000111100010101011010000011101110101100000000111011010110001011001000000011110011110000100110001100010010000011010000001110010011000010100
00011011000001101111110010101000101010010011010011010011000000101000011101010101110111001110110110110001001010101001110101101010001101001011010111011011011001111011010010000011010101010101111101111011
01010001110110011110110000111010010101000011001100100011100100100001001001101100101111001111011001011000001101100011000110111111110111001101010000000110011100011001101011011101110001111010101100010010
10101011101011110110110101000010110010010001010111010010101100000100110011110101000011111000110000000110110101111101111100100011110110100101111111000011011110000110000111000111101011100001011110111011
11001010011011110010100111010000000110110100010001110000000100000011111100101011111110011011110100011011101000000010101111001000100000010001010001111000111110000001001011110010111101011111111101111110
11011100000111111001010010010100101100100100110110000110100111101011001101100100001001000101111000000011000001100101000110010100010000011000000010011101011010111111100001100000101101100000110010101110
11101101110100101101000000111001111101000001111111010111110011011101011110101101000111001000000011001100110110001010000011001111110010001000001001011101011110111100111001100010001011101110001111011101
10100011010001001110110110001110000100110011001000100000011000001010110111110111011011010100110001011010100010101011100110101110100110110101101110000111010111101011010110000010001100000100011011010011
01010010111001100010011001100110000100010111110000111001100001100000111010110000111011111011110001100011110011101001101100111011110100111000100101111100111111100110101010100111011001001111100101100110
11100111011011001011011010010001111001100011100010101101011010101110111011100011111101010111000010010001101011001101011101000000101001001100001111000100000111100011000000011100110010000010010101001010
10010010110001110111010110100111100100000100101110001100010000011100010110110000111000011111011010101000100111001011100000100001111110011111010101110110001100111101101101100100110110110011100110000000
10001111101101001011000100101110001101111000011110110111001001101101100101010110110110101011110000100101011010110001110111110111010111110100110110111011110100011011100000101101101110001000110110101011
01101000001011011111001111101101100110011110010010001110100011101001001010100000011001000101011010010111111111101011001111100010101001110001101001100100010111110111100100000000011001001110111111111111
00100101101111000101111101100010101010011011100000100101110111010000000010101111100001010011010110101000010011001000010010100100100001001110101001000001010010000010011100010100111111001111000110011101
10101100011111100101010111101001100111010100101011000000111111111000001101001000001101110010011000100000011100111010001010110100011111110111111011011111100111001110101110010100000100101001001111001000
01001101111110011010110000111001110110001010001101100101011010111100001111110101100010001000100101000011101000101001001001010000010111111011000010000001101000111101110100101010001001001100101111011011
01001010010000101001101110110101101101011101101001100111001011000010000100000101100000000011100011101101001000010101010110111001111110110101100100111001101000001111011111100010101000010101011101101100
10001101011100110110101000111001001101011110101101110110101110100001000111010010000001100101000110101101110101011111010000010101010010101110001110101010111001100011100000101001010110000110101100100000
10111111011111111100001011101000100111111110111010011001111000100101100000100111000100010000111110000001011010011000000101011111100011001111000001111100100110101000010101011000010000010100010100111001
10000101110001010000111010110100001110110011100000000010111011111101101101001011101110011111010000110101001010000011110100000001111011001110010011010000111000101100000110000001011001000101101100011111
01111011010110100011111101100111011011111100100011000100011101101110001110010000100100100101010000011100111000111100011011111110011001010001111011100010001000010100100010101100100101101100000000101100
10110110011011000001001001001011010111000100010001000010101011100101000000010101011110000010111001110101001101001010110101110110111111001001000010010001111101010111001111110110111100101100111100110000
11011101100110000010100110001010101101011100010110001011000011101010101001001101010001010000001100101110000001011110101011011011000001111110110110000110111111100010111001101100111010011001110010010101
00011100100010011011010000010100000100111010100111110111110110110101000100000010010100001100000110111101000001100110011100001110011000101101001001101000000100000100110000110100010000111000111001011111
01000100111000011011101101110000011111110001001011100111111011101000110011001001010111101010011101111111111111110101001011001000111001011111101110000111110111011010111010101101100101110101011011000110
11111001110000101001010000111011001101110111100000101110110100100011011111000000101000001011010001000010010011100111011010000000101111010111000100000000110001111000011000110101010111111001000111100100
00101101001011010101001101110001110000110011100111110111101111100111010100011001011000111111111000010011010001000100101101011011110110100001000110010101001101100011011111001110000101110011101101111110
11000110001011110010111001111011100110111011101101100011110000100011111110100111001100101111110011011011001010010110010010000100101111111001000001011100000101001111011100011001100001011111001100001001
00110101110010100000011101100011100100010100010011010100101001110101101100001001000101001110010101011010011011100110110011011001011100101101111000010000011100110001100111001101010111011100110010001101
10010001110101101010011101000011111000000110100100000000101111110001101011110110101111111001001100111011010010101110111101101001111111001010100011100100101000010100111111011110001000001011101010100100
00001011001001010010110110000000100000010100010000001101001010000100010011101111011011010000011011010100000001100011110101111001101110001011000001001111101101100001111001101010011011110000001010111000
10001101010110110110101001100101100011100111001110000010000011101110010001010111001101100101100011110101100010011101110001110110001110110001011010100100101010101110001000010010110111111110001001100011
10101100010110110001000001111101000010111011000010010010011011010101010001011110000000010100100001110101110111111111101101001110001100011101101001001000111010010001010100010010001011111011001110111011
01100111000100100000111101110111110100011001011001010000111010011010110111011001011110011010010100111001101110011111011101010010011101100010010101110001100101011011111100111101011101100100010001011000
00100111011100001111111110100100110110000100100111101110111110100110100110010011001100001100101110100110100011011000110011011000100101101110001001001010100000000110001000100000000001101000000001100001
10111010001000101111110100111011100010000110001011011000011011011010010011111011111010100101101100101011101100101101111001100100000111000011111011011110111001110011110010010001010101001011010011001001
